0.0008453605407133848 0.001208679538732269 0.02403506713240901 -0.00498194520248877 9.331185883483204e-05 0.00048254196778421937 0.00012441124280937062 0.07441424540474464 0.00022934786312751125
0.006593016292852886 0.0011710914776542813 0.04126806212018908 0.13416414584740005 0.0006227296560695042 0.003302004711779183 0.0009932087428963403 0.08668379630259122 0.000167586449947184
0.013920801803439246 0.0016235385779308454 0.06805897794889744 -0.0011683146657330604 0.0014086663491014889 0.007600087303751504 0.0015789194501403747 0.10894737503296426 0.0005453091835022911
0.02983619027421092 0.0020210433790015304 0.09616269226451232 0.2029618906478175 0.0030922106010393686 0.015516140702395232 0.004086343097394652 0.11708640859276043 0.0012395186131740372
0.004879664013573201 0.001001253744252396 0.03816877893653838 0.011424907636907778 0.00045730613536423104 0.0027490835021541653 0.0006115228469872741 0.07467430258720989 0.0001998598813508406
0.0 0.0 0.0 0.0 0.0 0.0 0.0 0.0 0.0
0.0028987303423393647 0.0003924646781789639 0.043 0.01332857142857142 0.0 0.0003924646781789639 0.0 0.08929622272169815 0.004986610028626835
0.0031353829873861628 0.0010542184315244121 0.03173034778465937 0.1611101953311088 0.0001624111010094567 0.0010285003996160205 0.0012244835982928388 0.10457542496781078 0.00022678200513633537
0.003446884570859937 0.000902444865008991 0.027975978244447867 0.133373999093519 0.00039272523535479367 0.0015292154236312473 0.0005863090208954157 0.07876475048077983 0.00025121428232892774
0.004035932334758169 0.0014305458051540525 0.04068461051298285 0.1519263616212793 0.0005160493054493034 0.0014161477840648879 0.0008862109450819035 0.0989914844650655 0.00037404264692636057
0.001887036979126106 0.004888060333966843 0.030607329842931928 0.16004424083769633 3.369113316757296e-06 0.0010353432047517526 0.0004919016796965977 0.07261130918400249 0.004037189541116242
0.007193664628653108 0.0016657759727219013 0.04646895181321416 0.015837655240933907 0.0008093252088320561 0.004174937541866964 0.0006722191485009836 0.10018659313460206 0.0002827161247283476
0.00568625606505538 0.0025781143140330078 0.17666991473812446 -0.3286137637028011 6.12037978085452e-05 0.004007902444765968 0.000829675287450236 0.07586455119151019 0.00032364475055343206
