0.0008436868494272979 0.0013290085611504098 0.024822429531010368 -0.008090778256240187 9.787487822348899e-05 0.0005138562055777493 0.00010659960376237606 0.07192242081443923 0.00025060717703564517
0.0067720186500769925 0.0011810617243821974 0.03988976512943595 0.14248203325904518 0.0006086423193306888 0.0035331546078053795 0.0008455335649595979 0.0796429356163599 0.0002733414599324687
0.014034343091924811 0.0016437470187268214 0.07015488680287062 -0.005317140622124276 0.0013851587299866833 0.007786378972049254 0.0016418123442146022 0.10612032461776763 0.0005000715650487109
0.0308109946563649 0.002114649171047352 0.09917061076592507 0.18882903722244324 0.0031770884304545745 0.01630161187487644 0.004210533372297092 0.11631811332204117 0.0012055620292858598
0.005294582286637809 0.0011097028793437295 0.041850915672645435 0.001538850412900707 0.0004627500463597104 0.0030691838625150703 0.0006342209944068993 0.07433560742900583 0.00022813597195841924
0.0 0.0 0.0 0.0 0.0 0.0 0.0 0.0 0.0
0.0017346558908279586 0.00022359774220816406 0.024333333333333335 0.1256384615384616 0.00016542597187758478 0.0004926934414113901 0.00017685136732755778 0.1011556521462371 0.003630046145129102
0.0034453507494403134 0.0012703016729285553 0.032832483755321634 0.17391596459780048 0.0002852043508071808 0.0011967398574944331 0.001173085647955826 0.10423550749617874 0.000254163120264911
0.0034219916072872054 0.0010282076264038701 0.028879234961354052 0.1287095505501537 0.00034222279973957187 0.0015893335510698144 0.0005479843447223527 0.07809976364936316 0.0002850121014361103
0.004248677347578374 0.0015515208628951215 0.04220182671571729 0.13639951795001792 0.00048522406066133005 0.001576739138073994 0.000916702014414192 0.0975968947818326 0.0003278907485242482
0.0013028010429651398 0.005023399935740339 0.03364007198560289 0.15699214157168626 2.014294587534069e-05 0.0007471504424120447 0.00018433488366411134 0.07401716113984183 0.006664083186960957
0.007125770583523048 0.001796114616889198 0.05040661646710275 0.0015306875694359498 0.0006744262094181498 0.004234049393649211 0.0006837670243323274 0.09810475477064824 0.0003634300522647343
0.005533857096123017 0.0012788155659421965 0.18892281776416514 -0.3743095252679893 0.0002332126403445573 0.003808076258415988 0.0008790626979691725 0.07245552572320163 0.0005939923087285083
