0.0008908162242742072 0.0012032965728549165 0.024569975468198394 -0.0065794531203255 9.413338275842249e-05 0.0004957366393837482 0.00017292200276192737 0.07631880306858833 0.00019733372833207987
0.006538826516917491 0.0009994122946315694 0.040589424572317276 0.1471295489891131 0.000663012971210021 0.003241848498040176 0.0010148127973347912 0.0910585430962377 0.00021316742553473836
0.013672412764609806 0.0016182695506925322 0.06618532818532818 0.005583011583011471 0.0013373235180821575 0.007584996645413475 0.0014516260828285493 0.11107000828085913 0.0006095602348677515
0.029498788598108165 0.0020302711706193487 0.09584050084276448 0.19735003852637195 0.0029784022558319153 0.015127843683531936 0.0042062037111444735 0.11859587523877782 0.001233884927095753
0.004967972049266712 0.001001294971262964 0.03748261697224728 0.012376314998497272 0.00046493076906019526 0.002797004544330062 0.0006013613027995259 0.07443806729656069 0.0001988095308386555
0.0 0.0 0.0 0.0 0.0 0.0 0.0 0.0 0.0
0.0006868131868131869 0.0006868131868131869 0.05487499999999999 0.0968125 0.0 0.0006868131868131869 0.0 0.11196369420053628 0.0013736263736263737
0.0030454897260132657 0.0011080039625073544 0.03180664961636826 0.16492498721227622 0.00016099049870056304 0.0009232720456412907 0.001287938171635723 0.1049223441780636 0.0002412973571250787
0.0033287468536084873 0.0007666898753877203 0.027217975708501988 0.12644438866396793 0.0003416810259596184 0.0015250841750636477 0.0005602734045858334 0.0778732427094462 0.00022460410871109836
0.004069033159056511 0.001552927803639482 0.03942534381139487 0.15134102815979011 0.000509576292451541 0.001532694005708648 0.0008311363497723837 0.09881250072597496 0.000331273265483876
0.0023557157518825683 0.005648504110874678 0.036839506172839494 0.1395574074074074 7.944452388896833e-06 0.0014341033990156798 0.0004907227129449352 0.06459550451481337 0.004793183496887201
0.006932439286096979 0.0013176854294844507 0.04500112107623322 0.015045627802690564 0.0006069183133253845 0.004132906878113971 0.0006171331882574167 0.0983932770227694 0.0002928829091492051
0.005880345929712293 0.0008236569877081227 0.1588383561643836 -0.2752723287671237 1.0299721907508496e-05 0.003919991435791362 0.0009732624592628281 0.07558636084744594 0.00025723553320905945
