0.0008092688315719136 0.001218942249089117 0.023557342340071587 -0.0036336542824015835 9.306188078348903e-05 0.00047191143457932455 8.41296642308053e-05 0.0727418732717502 0.0002574070925457717
0.006658433148906804 0.0013075022430633428 0.041577245508982036 0.12452874251496975 0.0005939464432944817 0.0033601920885091476 0.0009801407419679148 0.0832913739023889 0.00013308847635082961
0.014071644900660353 0.0016283906481905726 0.06952992602555494 -0.007170544720914678 0.001483614058958131 0.007501395037462458 0.0017062032971922852 0.10688220570605214 0.0004826732828116915
0.030128418182178787 0.002012241791719066 0.09646622065081617 0.20799428154045035 0.0031942074574858757 0.015847917433264774 0.003992217194436553 0.1157462015429949 0.0012472711982757373
0.00480504543014708 0.00100184645818222 0.03881229060130489 0.010244313172280152 0.0004527909818200406 0.0027040796390989455 0.0006213141651813434 0.07484169068921989 0.00020013407136410221
0.0 0.0 0.0 0.0 0.0 0.0 0.0 0.0 0.0
0.005847953216374269 0.0 0.02716666666666667 -0.09798333333333333 0.0 0.0 0.0 0.05907292741658066 0.009803921568627453
0.0032236488654271912 0.0010127571621862867 0.03165867324069925 0.1584381667413722 0.00016452952804934935 0.0011236668318792234 0.0011706702817567067 0.10432708325631534 0.00021326311962272649
0.0035614270382305895 0.0010077776832384578 0.028655884867483675 0.1400481048731834 0.00044015621691737233 0.0015311495900973862 0.0006129767092185809 0.07944930637384151 0.00027076492199048076
0.004024440269350554 0.0013101553932638105 0.04192348040728167 0.15211116939216232 0.0005254925689820409 0.0013147999376316281 0.0009434990004642673 0.09934092727904947 0.0004167679127427144
0.001541918973732711 0.0043280971891528925 0.026018181818181822 0.17513 0.0 0.0007417106980664969 0.0004927698279410038 0.07851385625858719 0.00348050308277581
0.0074413552056324704 0.0018941425302862838 0.047767713004484305 0.015019641255605388 0.0009756058384687762 0.004231028104484788 0.0007199052394680399 0.10121516481908817 0.00027610403956688124
0.005516575323723945 0.00399120231056623 0.19128791208791235 -0.37381252747252763 0.00010217344946060442 0.004060753495204242 0.0007163134359685967 0.075724859260418 0.0003776293858968374
