0.0008430659162561513 0.0012602902227437916 0.024768097235667405 -0.009148442149797344 9.20746286139636e-05 0.000508617342720585 0.00012621115785334537 0.07243282016742715 0.0002667692570532059
0.006731239429527441 0.0010022931896422663 0.040230486685032145 0.136241965105601 0.0004189876918556159 0.003358107327891499 0.0007929582995734667 0.08274735106066453 0.00019903217496652334
0.01326308357306213 0.0014989097999937757 0.06989300873907624 -0.003451385767790301 0.0013082219794892675 0.007539011470790936 0.0014361846836228335 0.105962268151614 0.0005606092626706042
0.031169598735661292 0.0020924308910053933 0.10090990259740369 0.18521102058319205 0.003281575346798439 0.016554245108811618 0.004094753427797825 0.1176947488086153 0.0012455607027159145
0.00528517964338093 0.0010529800616611155 0.04096306458421279 0.0036970522020544063 0.0004766782432504325 0.003097166417557535 0.0006134834858019817 0.07506586264281796 0.00020131679777428361
0.0 0.0 0.0 0.0 0.0 0.0 0.0 0.0 0.0
0.0 0.0 0.0 0.35213333333333335 0.0 0.0 0.0 0.14946236559139786 0.0
0.0037221870428148186 0.0013227146886279875 0.03296404361921598 0.1810977895667539 0.0003000518833236179 0.0013435238862505342 0.0011933231733114802 0.10526614913574715 0.00024239974380403894
0.003248517972684395 0.0009551970747396207 0.028649565310722335 0.1357993882150911 0.0003610211356114295 0.0015131524230883428 0.0004818739213202701 0.07676888868339758 0.0003237566514188462
0.00449224675242087 0.001459006533012539 0.04203485987696518 0.12893943950785908 0.00044965342187732767 0.0016363435437676253 0.0009919309337385125 0.09721541871920553 0.0002722907344589014
0.0014563708352397895 0.0037993238976283253 0.03873954983922831 0.15124180064308682 9.141807048199389e-06 0.00048661630890825725 9.141807048199389e-06 0.0748281801136619 0.00726849067796431
0.006697645167576782 0.0019448633838916266 0.053259638554216886 0.0032593975903613907 0.0006158923456168397 0.003776431629105245 0.0008175134848826621 0.10128623369146625 0.0002382064512507413
0.005181421545991674 0.0006131729802099333 0.1826373429084382 -0.40574829443447047 0.0001643745202455501 0.0038329308819115048 0.000721240374352661 0.0715300132938904 0.0006228750601596514
