0.0008952494169718155 0.00151584899990542 0.025979858568001016 -0.010154167192827288 0.00011069449863523749 0.000537092614000487 0.00010144112275823854 0.07022349364354141 0.00024330059419362375
0.007997627800417934 0.0015916160518243965 0.04475268817204301 0.14024545454545426 0.0009582009549205066 0.004253996329354663 0.0007671050418659123 0.08530499136470383 0.00013677091513126266
0.014433007699984403 0.0019158862819701045 0.07244705208929592 -0.011325827132226638 0.0013707376339498474 0.00805899250000226 0.0018367048459886092 0.10415720974823166 0.0003984130079250604
0.032081146236570574 0.002189112023468874 0.10265720093000193 0.18690368929767512 0.003337359298277658 0.0168817950903024 0.004503038373390777 0.1152771024645463 0.0011098517090991145
0.005573720749388367 0.0012684448840923146 0.043880107916036006 -0.0037239586760544224 0.00044511212965369376 0.003325643257786047 0.0006382917663393304 0.07330789868947919 0.0002379257101116751
0.0 0.0 0.0 0.0 0.0 0.0 0.0 0.0 0.0
0.0 0.0 0.015000000000000001 -0.011411111111111111 0.0 0.0 0.0 0.08740184107831167 0.0
0.003478729634912449 0.00154173273978877 0.03446217218179324 0.1660327474941636 0.00034295501806917505 0.0011240365055852767 0.0012380638860963443 0.10366478109184739 0.0003033679925068888
0.0034942203891778567 0.0013344110827634092 0.03054488004681101 0.1112958455236976 0.0002954914012309736 0.0017428067850381555 0.0005443763909127852 0.07728046306948673 0.0002903564991859437
0.004390538290855792 0.0019077865141301851 0.04340160284951015 0.12403557435440699 0.0005713344595115401 0.0015982586633881948 0.0010608435499061264 0.09678135823844723 0.0002903319188753172
0.001003239904434854 0.005443429812148722 0.03229367088607595 0.16592202531645567 1.2113136696747623e-05 0.0007148294164604866 0.00020676730178156047 0.08235823400856414 0.007467404042750026
0.0074294786502606385 0.0015338711374750906 0.05080955497382198 -0.001981806282722513 0.0006685849536859015 0.004647898724664909 0.0006786453408887501 0.09326279652738013 0.0001781004575651774
0.006772679935154561 0.0010010678497316939 0.20762670299727531 -0.4306272479564029 0.000513674980713387 0.003951447690555883 0.001520828592823852 0.0714369374013427 0.0008183893699821278
