0.0007656118859612905 0.0013585996292890619 0.025829772426752027 -0.010781341777437439 0.00010467576788855007 0.0005167415398183323 5.3061241826717036e-05 0.07000948813405555 0.0002453468542355746
0.005869702372159893 0.0007065887639473974 0.03225162866449511 0.17379112377850223 0.000624982994557534 0.0031722866799765944 0.0004396441808043123 0.06679904978546458 0.0004004454058114604
0.015095529515645082 0.0016056212937819777 0.07299365401700723 -0.013043406523670545 0.0013564727005208445 0.008310308772990974 0.0019578395875984125 0.10454795846460749 0.00043082793186286796
0.030825843643145674 0.00217299544183732 0.09885772339503734 0.1657712010517976 0.003175777100219652 0.016414610764580114 0.004384205525180006 0.11464580290703037 0.0011769326266159092
0.0057795382132630555 0.0011546899354900582 0.0472212459536237 -0.015885644447380498 0.0004993358265746021 0.003316507704139126 0.0006919758413533741 0.07397365193171426 0.00022674776708016384
0.0 0.0 0.0 0.0 0.0 0.0 0.0 0.0 0.0
0.0012903225806451613 0.0006451612903225806 0.0056 0.32794 0.0012903225806451613 0.0 0.0 0.14225669256229528 0.0
0.003465576752511465 0.0012974204757078118 0.03292049469964663 0.18021360424028143 0.0003422135425978426 0.0011513483122465732 0.0011036607432840751 0.10434534314987384 0.00023588618031648216
0.0034392466055605773 0.0010499145092392505 0.02963313409270328 0.1274300665388511 0.0002689280458312629 0.0015324965464602147 0.0005851251106105199 0.07794975026022924 0.00031180189992648425
0.004135382436765103 0.001541681535484293 0.04257192334333866 0.11536377280073873 0.0004740530421110247 0.001574347613824785 0.0008116664542709086 0.09651818581713044 0.00036778740609366586
0.0012762045243756386 0.003867769407219218 0.028256410256410253 0.12985737179487183 1.588193341451156e-05 0.0011569806233606428 8.423055205494345e-05 0.06843808088754778 0.007532777367807109
0.007674204501821252 0.0016839107013060831 0.05337201591511941 -0.01942009283819628 0.0006845345659039117 0.004651259737084781 0.0006131180398680722 0.09596923586645034 0.0005074164861626831
0.0038338966896497525 0.0010954525584163986 0.19633485540334866 -0.3959908675799086 0.00015497873712498123 0.002513709734617895 0.0006664337842395565 0.06776646896546612 0.0005021821014822217
