0.000835395826737448 0.00137806598834515 0.02604629668529179 -0.012433735243456572 6.240955403879572e-05 0.0005325369715575746 0.00013408586906725676 0.0674020268008742 0.00027188343484554103
0.006412714145249023 0.001520376046494996 0.04103883495145632 0.12526092233009686 0.0007962647539483264 0.0034334729994623453 0.0013586704712733968 0.08033640650257287 0.00019457304949691486
0.014858858391878211 0.001856014860184473 0.07397367586425613 -0.010134919124643265 0.0014015767719179541 0.00822399807788713 0.0019564231504489277 0.10432823607275275 0.00039115058410516565
0.031014427742309208 0.0023017159128398733 0.09955099175351577 0.20349583720608333 0.0031347087247561634 0.016272128825056173 0.004378654240934517 0.1109258709773569 0.0011075282348921396
0.005258180515427467 0.0012658256808228728 0.042427353561279656 0.0038733889449081246 0.0004354088092202739 0.0030521900161587998 0.0006226856153180079 0.07132984742013368 0.00024780631172776653
0.0 0.0 0.0 0.0 0.0 0.0 0.0 0.0 0.0
0.0 0.0 0.0 0.1494625 0.0 0.0 0.0 0.044047619047619044 0.0
0.003764545619178516 0.0012157487922684234 0.03532960893854746 0.16686618249534504 0.00028603820292768 0.0013957953301040212 0.0014166502797341772 0.10057043528158424 0.00022487347125742265
0.003140027274167683 0.0010920902859356098 0.02903114728439503 0.11601306933792445 0.00038078342675027324 0.001575429195393008 0.0005237602874794109 0.07521994702457348 0.0003211735882008688
0.004213889132935762 0.0014227340060718255 0.045429425156516774 0.13401476949345428 0.0006927763170202587 0.0014192291081509155 0.0008299817945174526 0.09286182841719953 0.0003151422708390762
0.0019559727382465362 0.005459672301698346 0.034491103202846984 0.1244562277580072 0.0001761727801266115 0.0008746347181219479 0.0004656844260334672 0.06914626767254052 0.015233087859736384
0.004731468488739642 0.0012835106712704794 0.03572114931700425 -0.14679345266132884 0.0003546674193297252 0.00302903590640123 0.0005228205285143363 0.05227789086016122 4.285085557211111e-05
0.0061931999520237055 0.000735413303469287 0.17590082644628113 -0.3849973140495868 0.0005410848127786671 0.00438775147982749 0.0008837727730665102 0.07719068833400067 0.001477342936588334
